S.No.,Roll No,Name,BT CS 301,BT MT 301,BT CS 302,BT HUM 304,BT CS 303,BT CS 304,BT CS 305
1,211532,Aastha Jha,14,23,26,24,21,12,15
2,211533,Abhishek Singh,15,24,20,14,15,14,11
3,211534,Abhyanand,14,20,24,17,21,13,13
4,211535,Adarsh Maurya,15,20,24,19,14,11,14
5,211536,ADARSH RAJ,23,21,25,21,21,14,15
6,211537,Aditya Raj,14,23,24,22,21.5,12,14
7,211538,Ajeet kumar,16,25,24,18,20,13,14
8,211539,Akhilesh kumar yadav,19,21,25,23,21.5,14,14
9,211540,Aniket Vaibhav,17,25,25,15,12.5,12,14
10,211541,ANSH PRIT CHAUHAN,12,26,23,18,6.5,10,13
11,211542,Anurag Shankar Maurya,19,20,27,27,19.5,14,15
12,211543,Ashish Kumar,23,27,28,23,23.5,14,15
13,211544,Aviral kumar singh,13,24,23,16,13,14,13
14,211545,Ayush Kumar,15,24,24,17,11,13,14
15,211546,Bhawani,26,22,27,25,24.5,14,13
16,211547,BHUSHAN BHARAT,19,25,24,21,19,14,14
17,211548,Bitlingu Sai kumar,15,21,23,18,16,14,13
18,211549,Dharavath Sravanthi,14,22,21,16,11.5,13,12
19,211550,Gaurav,14,22,25,12,17,10,15
20,211551,Gauri varshney,21,25,26,24,22,13,15
21,211552,GAUTAM KUMAR GIRI,24,22,29,23,18.5,13,15
22,211553,Gunjan Kumar,17,20,23,22,20,12,14
23,211554,Harsh yadav,14,27,22,23,20.5,11,14
24,211555,Himanshu Ranjan Sharma,12,25,22,19,15,12,15
25,211556,Ittismita Mantry,21,23,25,23,19.5,11,14
26,211557,Janhavi Tomar,18,25,27,20,15,14,15
27,211558,Jatin Barsiwal,16,22,25,12,20,12,14.5
28,211559,KADAVATH VAMSHI KRISHNA,0,0,0,0,0,0,0
28,211560,KATI VIJAYA RAJU,17,24,22,18,19,14,14
30,211561,Krishan Kumar,13,25,23,16,18,10,13
31,211562,Krishnakant Sharma,15,21,24,18,21,11,14
32,211563,Mausam Kumar Giri,22,23,28,25,20,13,15
33,211564,MOHAMMAD TAAHA PARWEZ,0,0,0,0,0,0,0
34,211565,Navneet Kumar,13,25,22,15,9,12,13
35,211566,Nikhil,22,21,24,12,14.5,12,13
36,211567,NIKHIL KAUSHIK,14,21,22,13,8,10,13
37,211568,Nikita,22,21,25,24,17,13,14
38,211569,Nishant Kumar,12,25,26,16,15,12,14.5
39,211570,Johny,16,20,24,17,20,14,13
40,211571,Pankaj Kumar,13,26,19,14,15,11,12
41,211572,Parmod Kumar,18,20,22,16,17.5,12,14
42,211573,Parth Jeswani,18,25,24,18,18.5,14,14.5
43,211574,Pawan Kumar,14,25,23,21,19,13,13
44,211575,PRAGATI,16,23,27,25,23.5,13,15
45,211576,Prakram,17,21,27,23,18.5,13,15
46,211577,Priti Suresh Ghonmode,17,21,26,25,19.5,13,14.5
47,211578,Priyansh Sethi,22,26,24,25,23.5,12,14
48,211579,Purushottam Kumar Suman,18,25,26,20,15,12,14
49,211580,rahul kumar,12,24,21,12,9.5,10,14
50,211581,Rakesh,14,26,21,17,15.5,10,12.5
51,211582,Rakshit Attri,14,24,21,12,15,12,13
52,211583,Rathod Vikas,13,20,22,19,16,11,14
53,211584,Ravindra kumar,17,24,23,19,13.5,10,13
54,211585,RISHABH CHOWKIKAR,21,23,24,20,16,13,13
55,211586,Ritesh Kumar Pal,15,20,21,14,14.5,11,14
56,211587,Roshan Singh,18,23,25,20,20.5,13,13
57,211588,Sahil,12,20,18,9,12.5,10,11
58,211589,Sahil Sanjeev Oraon,12,20,21,7,11,12,14.5
59,211590,Sanand Tripathi,26,29,29,28,27.5,14,15
60,211591,Saurabh sinha,12,24,23,19,16,12,14
61,211592,Shashi Shekhar,12,26,24,19,16,10,13.5
62,211593,Shivam Saraswat,20,23,24,20,18.5,12,13.5
63,211594,Shubham Dagar,24,20,23,18,13.5,14,14
64,211595,Shubham Kumar,12,24,20,10,8,12,13
65,211596,Simran,18,26,26,27,27.5,13,14
66,211597,Smriti saroj sinha,15,27,25,19,21,11,14
67,211598,Sourabh Yadav,16,25,23,19,13.5,11,13
68,211599,Sourav,12,22,22,14,14.5,12,13
69,211600,Subodh Kumar Pathak,14,21,25,17,17.5,13,13.5
70,211601,Subrahmanyam B,18,25,26,21,17.5,13,13
71,211602,Suraj Singh,21,24,26,23,21,13,14
72,211603,Swapnil Parashar,21,24,25,22,21.5,13,14
73,211604,Tezz Pratap,12,22,23,9,14,12,13.5
74,211605,U. Santhosh,12,24,23,9,10.5,11,12.5
75,211606,Utkarsh Shandilya,16,24,28,25,23.5,13,15
76,211607,Utsavi Tejaswani,13,25,26,21,20,13,14
77,211608,Vaibhaw Anand,18,20,26,16,17.5,12,13.5
78,211609,Vishal Kumar,19,20,27,23,21.5,13,14.5
79,211610,Vivek Pratik,12,23,23,16,14,12,13
80,211611,Yashi Tiwari,20,25,26,20,24,12,14
81,211612,Yogesh kumar,15,22,21,21,16,12,13
82,211613,Rishav Raushan,13,23,20,14,12,11,11.5
